username,password
u0501,lQZk0a5GaogU
u0502,hEoQGsC7hx1i
u0503,ZD7VKTOeKNUI
u0504,LRDY6BHSHCCF
u0505,Cfng760AFo6F
u0506,PfOvAs7Lw2HP
u0507,EK7bznHroXML
u0508,o61gXwBLlyUZ
u0509,cxnCPmt3A0nk
u0510,82CHsyLy6Ue0
u0511,8LjnBxEpopqh
u0512,QV7UdgXQ8vlJ
u0513,W3UrIUpUKPf7
u0514,aVfPzBGfxKz3
u0515,f91yLxdvqRlD
u0516,Zru2Md1x04kK
u0517,L3FSXfYyuEib
u0518,0xiiQncaDXxS
u0519,EHvoH5BlZzsU
u0520,MSk37NzqwaYs
u0521,hqIx74j90O4V
u0522,2xHuQLHEuqiC
u0523,PG1FJVWj5EI2
u0524,iPgBWzDFAP0F
u0525,jZEtsC1MheLC
u0526,7iuZYam6QlF6
u0527,st5rWz3QX95Y
u0528,8HdLzVKEpoOp
u0529,7PVHXjlY5QVZ
u0530,6CEtZrf6hQ8w
u0531,R78H48PruSPr
u0532,OYbKT2Uz8HHZ
u0533,SNJLqup5cHVm
u0534,qwGdhQ8YgxDh
u0535,n4QmAMKBsXle
u0536,EpZfukDAvpu0
u0537,uyDmLpYdjwMw
u0538,FCWGREbLkVJn
